=== Results (LoRA) ===
n = 200
mean_token_accuracy = 0.082530
mean_normalized_edit_distance = 0.651069
exact_match_rate = 0.005000
mean_edit_distance = 591.005

Confidence:
  mean: 0.765973
  median: 0.774627
  min: 0.344009
  max: 0.961865

Latency (ms):
  mean: 3646.423
  median: 3801.504
  min: 253.746
  max: 7002.083

UI mode rates:
  inline: 0.480000
  collapsed: 0.255000
  hidden: 0.265000